# Made in Blockbench 4.12.6
mtllib bébé.mtl

o head
v 0.25 0.9249368670764557 1.0284902576697337
v 0.25 1.2784902576697301 0.6749368670764606
v 0.25 0.5713834764831824 0.6749368670764593
v 0.25 0.9249368670764568 0.3213834764831861
v -0.25 1.2784902576697301 0.6749368670764606
v -0.25 0.9249368670764557 1.0284902576697337
v -0.25 0.9249368670764568 0.3213834764831861
v -0.25 0.5713834764831824 0.6749368670764593
vt 0.125 0.875
vt 0.25 0.875
vt 0.25 0.75
vt 0.125 0.75
vt 0 0.875
vt 0.125 0.875
vt 0.125 0.75
vt 0 0.75
vt 0.375 0.875
vt 0.5 0.875
vt 0.5 0.75
vt 0.375 0.75
vt 0.25 0.875
vt 0.375 0.875
vt 0.375 0.75
vt 0.25 0.75
vt 0.25 0.875
vt 0.125 0.875
vt 0.125 1
vt 0.25 1
vt 0.375 1
vt 0.25 1
vt 0.25 0.875
vt 0.375 0.875
vn 0 0.7071067811865486 -0.7071067811865465
vn 1 0 0
vn 0 -0.7071067811865486 0.7071067811865465
vn -1 0 0
vn 0 0.7071067811865465 0.7071067811865486
vn 0 -0.7071067811865465 -0.7071067811865486
usemtl m_711baa8b-e285-70ee-fc17-d4397ecf5eae
f 4/4/1 7/3/1 5/2/1 2/1/1
f 3/8/2 4/7/2 2/6/2 1/5/2
f 8/12/3 3/11/3 1/10/3 6/9/3
f 7/16/4 8/15/4 6/14/4 5/13/4
f 6/20/5 1/19/5 2/18/5 5/17/5
f 7/24/6 4/23/6 3/22/6 8/21/6
o headwear
v 0.28125 0.9249368670764557 1.0726844314938928
v 0.28125 1.3226844314938893 0.6749368670764606
v 0.28125 0.5271893026590233 0.6749368670764593
v 0.28125 0.9249368670764568 0.27718930265902697
v -0.28125 1.3226844314938893 0.6749368670764606
v -0.28125 0.9249368670764557 1.0726844314938928
v -0.28125 0.9249368670764568 0.27718930265902697
v -0.28125 0.5271893026590233 0.6749368670764593
vt 0.625 0.875
vt 0.75 0.875
vt 0.75 0.75
vt 0.625 0.75
vt 0.5 0.875
vt 0.625 0.875
vt 0.625 0.75
vt 0.5 0.75
vt 0.875 0.875
vt 1 0.875
vt 1 0.75
vt 0.875 0.75
vt 0.75 0.875
vt 0.875 0.875
vt 0.875 0.75
vt 0.75 0.75
vt 0.75 0.875
vt 0.625 0.875
vt 0.625 1
vt 0.75 1
vt 0.875 1
vt 0.75 1
vt 0.75 0.875
vt 0.875 0.875
vn 0 0.7071067811865486 -0.7071067811865465
vn 1 0 0
vn 0 -0.7071067811865486 0.7071067811865465
vn -1 0 0
vn 0 0.7071067811865465 0.7071067811865486
vn 0 -0.7071067811865465 -0.7071067811865486
usemtl m_711baa8b-e285-70ee-fc17-d4397ecf5eae
f 12/28/7 15/27/7 13/26/7 10/25/7
f 11/32/8 12/31/8 10/30/8 9/29/8
f 16/36/9 11/35/9 9/34/9 14/33/9
f 15/40/10 16/39/10 14/38/10 13/37/10
f 14/44/11 9/43/11 10/42/11 13/41/11
f 15/48/12 12/47/12 11/46/12 16/45/12
o body
v 0.25 0.659771824131501 0.586548519428141
v 0.25 0.8365485194281381 0.4097718241315045
v 0.25 0.12944173824159122 0.05621843353822964
v 0.25 0.3062184335382284 -0.12055826175840695
v -0.25 0.8365485194281381 0.4097718241315045
v -0.25 0.659771824131501 0.586548519428141
v -0.25 0.3062184335382284 -0.12055826175840695
v -0.25 0.12944173824159122 0.05621843353822964
vt 0.3125 0.6875
vt 0.4375 0.6875
vt 0.4375 0.5
vt 0.3125 0.5
vt 0.25 0.6875
vt 0.3125 0.6875
vt 0.3125 0.5
vt 0.25 0.5
vt 0.5 0.6875
vt 0.625 0.6875
vt 0.625 0.5
vt 0.5 0.5
vt 0.4375 0.6875
vt 0.5 0.6875
vt 0.5 0.5
vt 0.4375 0.5
vt 0.4375 0.6875
vt 0.3125 0.6875
vt 0.3125 0.75
vt 0.4375 0.75
vt 0.5625 0.75
vt 0.4375 0.75
vt 0.4375 0.6875
vt 0.5625 0.6875
vn 0 0.7071067811865486 -0.7071067811865465
vn 1 0 0
vn 0 -0.7071067811865486 0.7071067811865465
vn -1 0 0
vn 0 0.7071067811865465 0.7071067811865486
vn 0 -0.7071067811865465 -0.7071067811865486
usemtl m_711baa8b-e285-70ee-fc17-d4397ecf5eae
f 20/52/13 23/51/13 21/50/13 18/49/13
f 19/56/14 20/55/14 18/54/14 17/53/14
f 24/60/15 19/59/15 17/58/15 22/57/15
f 23/64/16 24/63/16 22/62/16 21/61/16
f 22/68/17 17/67/17 18/66/17 21/65/17
f 23/72/18 20/71/18 19/70/18 24/69/18
o jacket
v 0.265625 0.6597718241315012 0.6086456063402208
v 0.265625 0.8586456063402179 0.4097718241315046
v 0.265625 0.10734465132951165 0.05621843353822964
v 0.265625 0.3062184335382284 -0.14265534867048651
v -0.265625 0.8586456063402179 0.4097718241315046
v -0.265625 0.6597718241315012 0.6086456063402208
v -0.265625 0.3062184335382284 -0.14265534867048651
v -0.265625 0.10734465132951165 0.05621843353822964
vt 0.3125 0.4375
vt 0.4375 0.4375
vt 0.4375 0.25
vt 0.3125 0.25
vt 0.25 0.4375
vt 0.3125 0.4375
vt 0.3125 0.25
vt 0.25 0.25
vt 0.5 0.4375
vt 0.625 0.4375
vt 0.625 0.25
vt 0.5 0.25
vt 0.4375 0.4375
vt 0.5 0.4375
vt 0.5 0.25
vt 0.4375 0.25
vt 0.4375 0.4375
vt 0.3125 0.4375
vt 0.3125 0.5
vt 0.4375 0.5
vt 0.5625 0.5
vt 0.4375 0.5
vt 0.4375 0.4375
vt 0.5625 0.4375
vn 0 0.7071067811865486 -0.7071067811865465
vn 1 0 0
vn 0 -0.7071067811865486 0.7071067811865465
vn -1 0 0
vn 0 0.7071067811865465 0.7071067811865486
vn 0 -0.7071067811865465 -0.7071067811865486
usemtl m_711baa8b-e285-70ee-fc17-d4397ecf5eae
f 28/76/19 31/75/19 29/74/19 26/73/19
f 27/80/20 28/79/20 26/78/20 25/77/20
f 32/84/21 27/83/21 25/82/21 30/81/21
f 31/88/22 32/87/22 30/86/22 29/85/22
f 30/92/23 25/91/23 26/90/23 29/89/23
f 31/96/24 28/95/24 27/94/24 32/93/24
o right_pants
v 0.18528230651834643 -0.0015280774068633374 -0.07319366416220885
v 0.18675671311099312 0.230056575390026 0.08639310601045835
v 0.633370180804228 0.35967493517881405 -0.6014939605060504
v 0.6348445873968747 0.5912595879757033 -0.4419071903333831
v -0.043629799345285825 0.3225849927348537 -0.045751168787560026
v -0.04510420593793246 0.09100033993796436 -0.2053379389602274
v 0.40445807494059577 0.683788005320531 -0.5740514651314016
v 0.4029836683479491 0.45220335252364174 -0.7336382353040689
vt 0.0625 0.4375
vt 0.125 0.4375
vt 0.125 0.25
vt 0.0625 0.25
vt 0 0.4375
vt 0.0625 0.4375
vt 0.0625 0.25
vt 0 0.25
vt 0.1875 0.4375
vt 0.25 0.4375
vt 0.25 0.25
vt 0.1875 0.25
vt 0.125 0.4375
vt 0.1875 0.4375
vt 0.1875 0.25
vt 0.125 0.25
vt 0.125 0.4375
vt 0.0625 0.4375
vt 0.0625 0.5
vt 0.125 0.5
vt 0.1875 0.5
vt 0.125 0.5
vt 0.125 0.4375
vt 0.1875 0.4375
vn 0.0052423345516327 0.8234120988333844 0.5674196272805951
vn 0.8191520442889918 -0.3289899283371651 0.4698463103929548
vn -0.0052423345516327 -0.8234120988333844 -0.5674196272805951
vn -0.8191520442889918 0.3289899283371651 -0.4698463103929548
vn -0.5735524790859284 -0.46233985610966716 0.6762243793201173
vn 0.5735524790859284 0.46233985610966716 -0.6762243793201173
usemtl m_711baa8b-e285-70ee-fc17-d4397ecf5eae
f 36/100/25 39/99/25 37/98/25 34/97/25
f 35/104/26 36/103/26 34/102/26 33/101/26
f 40/108/27 35/107/27 33/106/27 38/105/27
f 39/112/28 40/111/28 38/110/28 37/109/28
f 38/116/29 33/115/29 34/114/29 37/113/29
f 39/120/30 36/119/30 35/118/30 40/117/30
o right_leg
v 0.18152672478941786 0.02370226451939006 -0.08223508701271642
v 0.182837308427326 0.22955528922773616 0.05961981980743225
v 0.6116910841038642 0.37045715660164036 -0.5894033715028042
v 0.6130016677417723 0.5763101813099863 -0.44754846468265547
v -0.021950702644921938 0.3118027713120274 -0.05784175779080636
v -0.023261286282830085 0.1059497466036814 -0.19969666461095503
v 0.40821365666952436 0.6585576633942777 -0.5650100422808941
v 0.4069030730316162 0.4527046386859316 -0.7068649491010428
vt 0.0625 0.6875
vt 0.125 0.6875
vt 0.125 0.5
vt 0.0625 0.5
vt 0 0.6875
vt 0.0625 0.6875
vt 0.0625 0.5
vt 0 0.5
vt 0.1875 0.6875
vt 0.25 0.6875
vt 0.25 0.5
vt 0.1875 0.5
vt 0.125 0.6875
vt 0.1875 0.6875
vt 0.1875 0.5
vt 0.125 0.5
vt 0.125 0.6875
vt 0.0625 0.6875
vt 0.0625 0.75
vt 0.125 0.75
vt 0.1875 0.75
vt 0.125 0.75
vt 0.125 0.6875
vt 0.1875 0.6875
vn 0.0052423345516327 0.8234120988333844 0.5674196272805951
vn 0.8191520442889918 -0.3289899283371651 0.4698463103929548
vn -0.0052423345516327 -0.8234120988333844 -0.5674196272805951
vn -0.8191520442889918 0.3289899283371651 -0.4698463103929548
vn -0.5735524790859284 -0.46233985610966716 0.6762243793201173
vn 0.5735524790859284 0.46233985610966716 -0.6762243793201173
usemtl m_711baa8b-e285-70ee-fc17-d4397ecf5eae
f 44/124/31 47/123/31 45/122/31 42/121/31
f 43/128/32 44/127/32 42/126/32 41/125/32
f 48/132/33 43/131/33 41/130/33 46/129/33
f 47/136/34 48/135/34 46/134/34 45/133/34
f 46/140/35 41/139/35 42/138/35 45/137/35
f 47/144/36 44/143/36 43/142/36 48/141/36
o left_pants
v 0.04510420593793246 0.09100033993796436 -0.20533793896022745
v 0.043629799345285825 0.3225849927348537 -0.045751168787560026
v -0.4029836683479492 0.45220335252364174 -0.7336382353040689
v -0.4044580749405959 0.683788005320531 -0.5740514651314015
v -0.1867567131109931 0.230056575390026 0.08639310601045846
v -0.1852823065183464 -0.0015280774068633374 -0.07319366416220896
v -0.6348445873968748 0.5912595879757033 -0.44190719033338305
v -0.6333701808042281 0.35967493517881405 -0.6014939605060504
vt 0.0625 0.1875
vt 0.125 0.1875
vt 0.125 0
vt 0.0625 0
vt 0 0.1875
vt 0.0625 0.1875
vt 0.0625 0
vt 0 0
vt 0.1875 0.1875
vt 0.25 0.1875
vt 0.25 0
vt 0.1875 0
vt 0.125 0.1875
vt 0.1875 0.1875
vt 0.1875 0
vt 0.125 0
vt 0.125 0.1875
vt 0.0625 0.1875
vt 0.0625 0.25
vt 0.125 0.25
vt 0.1875 0.25
vt 0.125 0.25
vt 0.125 0.1875
vt 0.1875 0.1875
vn -0.005242334551632673 0.8234120988333844 0.5674196272805951
vn 0.8191520442889917 0.3289899283371653 -0.4698463103929547
vn 0.005242334551632673 -0.8234120988333844 -0.5674196272805951
vn -0.8191520442889917 -0.3289899283371653 0.4698463103929547
vn 0.5735524790859284 -0.46233985610966727 0.6762243793201173
vn -0.5735524790859284 0.46233985610966727 -0.6762243793201173
usemtl m_711baa8b-e285-70ee-fc17-d4397ecf5eae
f 52/148/37 55/147/37 53/146/37 50/145/37
f 51/152/38 52/151/38 50/150/38 49/149/38
f 56/156/39 51/155/39 49/154/39 54/153/39
f 55/160/40 56/159/40 54/158/40 53/157/40
f 54/164/41 49/163/41 50/162/41 53/161/41
f 55/168/42 52/167/42 51/166/42 56/165/42
o left_leg
v 0.023261286282830085 0.1059497466036814 -0.1996966646109551
v 0.021950702644921938 0.3118027713120274 -0.05784175779080636
v -0.4069030730316163 0.4527046386859316 -0.7068649491010428
v -0.40821365666952447 0.6585576633942777 -0.5650100422808941
v -0.18283730842732598 0.22955528922773616 0.05961981980743225
v -0.18152672478941784 0.02370226451939006 -0.08223508701271642
v -0.6130016677417724 0.5763101813099863 -0.4475484646826554
v -0.6116910841038643 0.37045715660164036 -0.5894033715028042
vt 0.3125 0.1875
vt 0.375 0.1875
vt 0.375 0
vt 0.3125 0
vt 0.25 0.1875
vt 0.3125 0.1875
vt 0.3125 0
vt 0.25 0
vt 0.4375 0.1875
vt 0.5 0.1875
vt 0.5 0
vt 0.4375 0
vt 0.375 0.1875
vt 0.4375 0.1875
vt 0.4375 0
vt 0.375 0
vt 0.375 0.1875
vt 0.3125 0.1875
vt 0.3125 0.25
vt 0.375 0.25
vt 0.4375 0.25
vt 0.375 0.25
vt 0.375 0.1875
vt 0.4375 0.1875
vn -0.005242334551632673 0.8234120988333844 0.5674196272805951
vn 0.8191520442889917 0.3289899283371653 -0.4698463103929547
vn 0.005242334551632673 -0.8234120988333844 -0.5674196272805951
vn -0.8191520442889917 -0.3289899283371653 0.4698463103929547
vn 0.5735524790859284 -0.46233985610966727 0.6762243793201173
vn -0.5735524790859284 0.46233985610966727 -0.6762243793201173
usemtl m_711baa8b-e285-70ee-fc17-d4397ecf5eae
f 60/172/43 63/171/43 61/170/43 58/169/43
f 59/176/44 60/175/44 58/174/44 57/173/44
f 64/180/45 59/179/45 57/178/45 62/177/45
f 63/184/46 64/183/46 62/182/46 61/181/46
f 62/188/47 57/187/47 58/186/47 61/185/47
f 63/192/48 60/191/48 59/190/48 64/189/48
o right_sleeve
v 0.5442875573814157 0.48991745156084954 0.4568371961594234
v 0.44125729981379874 0.661131603469552 0.6547564794840512
v 0.7638928274093483 1.1097247486633774 0.03497939744708811
v 0.6608625698417314 1.28093890057208 0.23289868077171583
v 0.19178550298242386 0.661131603469552 0.5248896820116979
v 0.2948157605500408 0.48991745156084954 0.3269703986870701
v 0.41139077301035654 1.28093890057208 0.10303188329936253
v 0.5144210305779734 1.1097247486633774 -0.09488740002526524
vt 0.6875 0.4375
vt 0.75 0.4375
vt 0.75 0.25
vt 0.6875 0.25
vt 0.625 0.4375
vt 0.6875 0.4375
vt 0.6875 0.25
vt 0.625 0.25
vt 0.8125 0.4375
vt 0.875 0.4375
vt 0.875 0.25
vt 0.8125 0.25
vt 0.75 0.4375
vt 0.8125 0.4375
vt 0.8125 0.25
vt 0.75 0.25
vt 0.75 0.4375
vt 0.6875 0.4375
vt 0.6875 0.5
vt 0.75 0.5
vt 0.8125 0.5
vt 0.75 0.5
vt 0.75 0.4375
vt 0.8125 0.4375
vn -0.3663298046848601 0.6087614290087198 0.7037130073764545
vn 0.8870108331782218 0 0.4617486132350339
vn 0.3663298046848601 -0.6087614290087198 -0.7037130073764545
vn -0.8870108331782218 0 -0.4617486132350339
vn -0.2810947456357538 -0.793353340291236 0.5399779823517893
vn 0.2810947456357538 0.793353340291236 -0.5399779823517893
usemtl m_711baa8b-e285-70ee-fc17-d4397ecf5eae
f 68/196/49 71/195/49 69/194/49 66/193/49
f 67/200/50 68/199/50 66/198/50 65/197/50
f 72/204/51 67/203/51 65/202/51 70/201/51
f 71/208/52 72/207/52 70/206/52 69/205/52
f 70/212/53 65/211/53 66/210/53 69/209/53
f 71/216/54 68/215/54 67/214/54 72/213/54
o right_arm
v 0.5290962153153635 0.5118254948311614 0.45218073384363644
v 0.43751376414414855 0.6640158520833412 0.62810898568775
v 0.7399172745421789 1.1068405000495882 0.04719724707979445
v 0.6483348233709639 1.2590308573017681 0.2231254989239081
v 0.2157610558495931 0.6640158520833412 0.5126718323789916
v 0.30734350702080815 0.5118254948311614 0.33674358053487796
v 0.4265821150764085 1.2590308573017681 0.10768834561514962
v 0.5181645662476235 1.1068405000495882 -0.06823990622896403
vt 0.6875 0.6875
vt 0.75 0.6875
vt 0.75 0.5
vt 0.6875 0.5
vt 0.625 0.6875
vt 0.6875 0.6875
vt 0.6875 0.5
vt 0.625 0.5
vt 0.8125 0.6875
vt 0.875 0.6875
vt 0.875 0.5
vt 0.8125 0.5
vt 0.75 0.6875
vt 0.8125 0.6875
vt 0.8125 0.5
vt 0.75 0.5
vt 0.75 0.6875
vt 0.6875 0.6875
vt 0.6875 0.75
vt 0.75 0.75
vt 0.8125 0.75
vt 0.75 0.75
vt 0.75 0.6875
vt 0.8125 0.6875
vn -0.3663298046848601 0.6087614290087198 0.7037130073764545
vn 0.8870108331782218 0 0.4617486132350339
vn 0.3663298046848601 -0.6087614290087198 -0.7037130073764545
vn -0.8870108331782218 0 -0.4617486132350339
vn -0.2810947456357538 -0.793353340291236 0.5399779823517893
vn 0.2810947456357538 0.793353340291236 -0.5399779823517893
usemtl m_711baa8b-e285-70ee-fc17-d4397ecf5eae
f 76/220/55 79/219/55 77/218/55 74/217/55
f 75/224/56 76/223/56 74/222/56 73/221/56
f 80/228/57 75/227/57 73/226/57 78/225/57
f 79/232/58 80/231/58 78/230/58 77/229/58
f 78/236/59 73/235/59 74/234/59 77/233/59
f 79/240/60 76/239/60 75/238/60 80/237/60
o left_sleeve
v -0.2866975312864294 0.48991745156084954 0.30306328195896615
v -0.18366727371881247 0.661131603469552 0.500982565283594
v -0.506302801314362 1.1097247486633774 -0.11879451675336922
v -0.40327254374674515 1.28093890057208 0.07912476657125855
v -0.43313907055018736 0.661131603469552 0.6308493627559473
v -0.5361693281178043 0.48991745156084954 0.43293007943131945
v -0.65274434057812 1.28093890057208 0.20899156404361185
v -0.7557745981457369 1.1097247486633774 0.01107228071898414
vt 0.8125 0.1875
vt 0.875 0.1875
vt 0.875 0
vt 0.8125 0
vt 0.75 0.1875
vt 0.8125 0.1875
vt 0.8125 0
vt 0.75 0
vt 0.9375 0.1875
vt 1 0.1875
vt 1 0
vt 0.9375 0
vt 0.875 0.1875
vt 0.9375 0.1875
vt 0.9375 0
vt 0.875 0
vt 0.875 0.1875
vt 0.8125 0.1875
vt 0.8125 0.25
vt 0.875 0.25
vt 0.9375 0.25
vt 0.875 0.25
vt 0.875 0.1875
vt 0.9375 0.1875
vn 0.3663298046848601 0.6087614290087198 0.7037130073764545
vn 0.8870108331782218 0 -0.4617486132350339
vn -0.3663298046848601 -0.6087614290087198 -0.7037130073764545
vn -0.8870108331782218 0 0.4617486132350339
vn 0.2810947456357538 -0.793353340291236 0.5399779823517893
vn -0.2810947456357538 0.793353340291236 -0.5399779823517893
usemtl m_711baa8b-e285-70ee-fc17-d4397ecf5eae
f 84/244/61 87/243/61 85/242/61 82/241/61
f 83/248/62 84/247/62 82/246/62 81/245/62
f 88/252/63 83/251/63 81/250/63 86/249/63
f 87/256/64 88/255/64 86/254/64 85/253/64
f 86/260/65 81/259/65 82/258/65 85/257/65
f 87/264/66 84/263/66 83/262/66 88/261/66
o left_arm
v -0.29922527775719676 0.5118254948311614 0.312836463806774
v -0.2076428265859817 0.6640158520833412 0.48876471565088764
v -0.5100463369840121 1.1068405000495882 -0.092147022957068
v -0.4184638858127971 1.2590308573017681 0.08378122888704564
v -0.42939553488053717 0.6640158520833412 0.604201868959646
v -0.5209779860517522 0.5118254948311614 0.42827361711553247
v -0.6402165941073525 1.2590308573017681 0.19921838219580412
v -0.7317990452785675 1.1068405000495882 0.023290130351690475
vt 0.5625 0.1875
vt 0.625 0.1875
vt 0.625 0
vt 0.5625 0
vt 0.5 0.1875
vt 0.5625 0.1875
vt 0.5625 0
vt 0.5 0
vt 0.6875 0.1875
vt 0.75 0.1875
vt 0.75 0
vt 0.6875 0
vt 0.625 0.1875
vt 0.6875 0.1875
vt 0.6875 0
vt 0.625 0
vt 0.625 0.1875
vt 0.5625 0.1875
vt 0.5625 0.25
vt 0.625 0.25
vt 0.6875 0.25
vt 0.625 0.25
vt 0.625 0.1875
vt 0.6875 0.1875
vn 0.3663298046848601 0.6087614290087198 0.7037130073764545
vn 0.8870108331782218 0 -0.4617486132350339
vn -0.3663298046848601 -0.6087614290087198 -0.7037130073764545
vn -0.8870108331782218 0 0.4617486132350339
vn 0.2810947456357538 -0.793353340291236 0.5399779823517893
vn -0.2810947456357538 0.793353340291236 -0.5399779823517893
usemtl m_711baa8b-e285-70ee-fc17-d4397ecf5eae
f 92/268/67 95/267/67 93/266/67 90/265/67
f 91/272/68 92/271/68 90/270/68 89/269/68
f 96/276/69 91/275/69 89/274/69 94/273/69
f 95/280/70 96/279/70 94/278/70 93/277/70
f 94/284/71 89/283/71 90/282/71 93/281/71
f 95/288/72 92/287/72 91/286/72 96/285/72
o cape
v -0.3125 1.5 0.12500000000000003
v -0.3125 1.5 0.18750000000000006
v -0.3125 0.5 0.12500000000000003
v -0.3125 0.5 0.18750000000000006
v 0.3125 1.5 0.18749999999999997
v 0.3125 1.5 0.12499999999999996
v 0.3125 0.5 0.18749999999999997
v 0.3125 0.5 0.12499999999999996
vt 0.015625 0.96875
vt 0.171875 0.96875
vt 0.171875 0.46875
vt 0.015625 0.46875
vt 0 0.96875
vt 0.015625 0.96875
vt 0.015625 0.46875
vt 0 0.46875
vt 0.1875 0.96875
vt 0.34375 0.96875
vt 0.34375 0.46875
vt 0.1875 0.46875
vt 0.171875 0.96875
vt 0.1875 0.96875
vt 0.1875 0.46875
vt 0.171875 0.46875
vt 0.171875 0.96875
vt 0.015625 0.96875
vt 0.015625 1
vt 0.171875 1
vt 0.328125 1
vt 0.171875 1
vt 0.171875 0.96875
vt 0.328125 0.96875
vn 1.2246467991473532e-16 0 1
vn -1 0 1.2246467991473532e-16
vn -1.2246467991473532e-16 0 -1
vn 1 0 -1.2246467991473532e-16
vn 0 1 0
vn 0 -1 0
usemtl m_1c5dd7b9-aaec-32b8-0069-52df28f08762
f 100/292/73 103/291/73 101/290/73 98/289/73
f 99/296/74 100/295/74 98/294/74 97/293/74
f 104/300/75 99/299/75 97/298/75 102/297/75
f 103/304/76 104/303/76 102/302/76 101/301/76
f 102/308/77 97/307/77 98/306/77 101/305/77
f 103/312/78 100/311/78 99/310/78 104/309/78