# Made in Blockbench 4.12.6
mtllib materials.mtl

o headwear
v 0.5580588224965175 1.743489101437141 0.2383659283624071
v 0.22895228867848727 2.0247391014371408 -0.12079082975065103
v 0.36804907660461295 1.2563498118083942 0.031006677384559644
v 0.03894254278658282 1.5375998118083942 -0.32815008072849855
v -0.18576621327720766 2.0247391014371408 0.25922866203315764
v 0.14334032054082246 1.743489101437141 0.6183854201462158
v -0.3757759591691121 1.5375998118083942 0.05186941105531018
v -0.04666942535108198 1.2563498118083942 0.4110261691683683
vt 0.625 0.875
vt 0.75 0.875
vt 0.75 0.75
vt 0.625 0.75
vt 0.5 0.875
vt 0.625 0.875
vt 0.625 0.75
vt 0.5 0.75
vt 0.875 0.875
vt 1 0.875
vt 1 0.75
vt 0.875 0.75
vt 0.75 0.875
vt 0.875 0.875
vt 0.875 0.75
vt 0.75 0.75
vt 0.75 0.875
vt 0.625 0.875
vt 0.625 1
vt 0.75 1
vt 0.875 1
vt 0.75 1
vt 0.75 0.875
vt 0.875 0.875
vn -0.5850782823431648 0.5000000000000001 -0.6385009033121034
vn 0.7372773368101242 -5.551115123125783e-17 -0.6755902076156601
vn 0.5850782823431648 -0.5000000000000001 0.6385009033121034
vn -0.7372773368101242 5.551115123125783e-17 0.6755902076156601
vn 0.3377951038078301 0.8660254037844388 0.3686386684050621
vn -0.3377951038078301 -0.8660254037844388 -0.3686386684050621
usemtl m_711baa8b-e285-70ee-fc17-d4397ecf5eae
f 4/4/1 7/3/1 5/2/1 2/1/1
f 3/8/2 4/7/2 2/6/2 1/5/2
f 8/12/3 3/11/3 1/10/3 6/9/3
f 7/16/4 8/15/4 6/14/4 5/13/4
f 6/20/5 1/19/5 2/18/5 5/17/5
f 7/24/6 4/23/6 3/22/6 8/21/6
o head
v 0.5061791124039825 1.7320508075688772 0.22800501073423507
v 0.21363997123240008 1.9820508075688772 -0.09124544092181663
v 0.3372815605000673 1.299038105676658 0.043685676531703965
v 0.044742419328484995 1.549038105676658 -0.27556477512434774
v -0.15499869717266213 1.9820508075688772 0.24654966288601332
v 0.1375404439989203 1.7320508075688772 0.565800114542065
v -0.3238962490765772 1.549038105676658 0.06223032868348222
v -0.031357107904994796 1.299038105676658 0.3814807803395339
vt 0.125 0.875
vt 0.25 0.875
vt 0.25 0.75
vt 0.125 0.75
vt 0 0.875
vt 0.125 0.875
vt 0.125 0.75
vt 0 0.75
vt 0.375 0.875
vt 0.5 0.875
vt 0.5 0.75
vt 0.375 0.75
vt 0.25 0.875
vt 0.375 0.875
vt 0.375 0.75
vt 0.25 0.75
vt 0.25 0.875
vt 0.125 0.875
vt 0.125 1
vt 0.25 1
vt 0.375 1
vt 0.25 1
vt 0.25 0.875
vt 0.375 0.875
vn -0.5850782823431648 0.5000000000000001 -0.6385009033121034
vn 0.7372773368101242 -5.551115123125783e-17 -0.6755902076156601
vn 0.5850782823431648 -0.5000000000000001 0.6385009033121034
vn -0.7372773368101242 5.551115123125783e-17 0.6755902076156601
vn 0.3377951038078301 0.8660254037844388 0.3686386684050621
vn -0.3377951038078301 -0.8660254037844388 -0.3686386684050621
usemtl m_711baa8b-e285-70ee-fc17-d4397ecf5eae
f 12/28/7 15/27/7 13/26/7 10/25/7
f 11/32/8 12/31/8 10/30/8 9/29/8
f 16/36/9 11/35/9 9/34/9 14/33/9
f 15/40/10 16/39/10 14/38/10 13/37/10
f 14/44/11 9/43/11 10/42/11 13/41/11
f 15/48/12 12/47/12 11/46/12 16/45/12
o body
v 0.25 1.5 0.125
v 0.25 1.5 -0.125
v 0.25 0.75 0.125
v 0.25 0.75 -0.125
v -0.25 1.5 -0.125
v -0.25 1.5 0.125
v -0.25 0.75 -0.125
v -0.25 0.75 0.125
vt 0.3125 0.6875
vt 0.4375 0.6875
vt 0.4375 0.5
vt 0.3125 0.5
vt 0.25 0.6875
vt 0.3125 0.6875
vt 0.3125 0.5
vt 0.25 0.5
vt 0.5 0.6875
vt 0.625 0.6875
vt 0.625 0.5
vt 0.5 0.5
vt 0.4375 0.6875
vt 0.5 0.6875
vt 0.5 0.5
vt 0.4375 0.5
vt 0.4375 0.6875
vt 0.3125 0.6875
vt 0.3125 0.75
vt 0.4375 0.75
vt 0.5625 0.75
vt 0.4375 0.75
vt 0.4375 0.6875
vt 0.5625 0.6875
vn 0 0 -1
vn 1 0 0
vn 0 0 1
vn -1 0 0
vn 0 1 0
vn 0 -1 0
usemtl m_711baa8b-e285-70ee-fc17-d4397ecf5eae
f 20/52/13 23/51/13 21/50/13 18/49/13
f 19/56/14 20/55/14 18/54/14 17/53/14
f 24/60/15 19/59/15 17/58/15 22/57/15
f 23/64/16 24/63/16 22/62/16 21/61/16
f 22/68/17 17/67/17 18/66/17 21/65/17
f 23/72/18 20/71/18 19/70/18 24/69/18
o jacket
v 0.265625 1.515625 0.140625
v 0.265625 1.515625 -0.140625
v 0.265625 0.734375 0.140625
v 0.265625 0.734375 -0.140625
v -0.265625 1.515625 -0.140625
v -0.265625 1.515625 0.140625
v -0.265625 0.734375 -0.140625
v -0.265625 0.734375 0.140625
vt 0.3125 0.4375
vt 0.4375 0.4375
vt 0.4375 0.25
vt 0.3125 0.25
vt 0.25 0.4375
vt 0.3125 0.4375
vt 0.3125 0.25
vt 0.25 0.25
vt 0.5 0.4375
vt 0.625 0.4375
vt 0.625 0.25
vt 0.5 0.25
vt 0.4375 0.4375
vt 0.5 0.4375
vt 0.5 0.25
vt 0.4375 0.25
vt 0.4375 0.4375
vt 0.3125 0.4375
vt 0.3125 0.5
vt 0.4375 0.5
vt 0.5625 0.5
vt 0.4375 0.5
vt 0.4375 0.4375
vt 0.5625 0.4375
vn 0 0 -1
vn 1 0 0
vn 0 0 1
vn -1 0 0
vn 0 1 0
vn 0 -1 0
usemtl m_711baa8b-e285-70ee-fc17-d4397ecf5eae
f 28/76/19 31/75/19 29/74/19 26/73/19
f 27/80/20 28/79/20 26/78/20 25/77/20
f 32/84/21 27/83/21 25/82/21 30/81/21
f 31/88/22 32/87/22 30/86/22 29/85/22
f 30/92/23 25/91/23 26/90/23 29/89/23
f 31/96/24 28/95/24 27/94/24 32/93/24
o right_sleeve
v 0.1605014877733668 1.5348589211497006 0.06775460605172334
v -0.0583976797885295 1.3867063060681732 -0.02834700467990592
v 0.36101420678495644 1.7143517084473303 -0.6656815202215243
v 0.14211503922306012 1.566199093365803 -0.7617831309531535
v 0.10276715358959376 1.156539070522281 -0.040614957376406746
v 0.3216663211514901 1.3046916856038087 0.055486653355222515
v 0.3032798726011835 1.3360318578199109 -0.7740510836496541
v 0.5221790401630798 1.4841844729014384 -0.6779494729180251
vt 0.6875 0.4375
vt 0.75 0.4375
vt 0.75 0.25
vt 0.6875 0.25
vt 0.625 0.4375
vt 0.6875 0.4375
vt 0.6875 0.25
vt 0.625 0.25
vt 0.8125 0.4375
vt 0.875 0.4375
vt 0.875 0.25
vt 0.8125 0.25
vt 0.75 0.4375
vt 0.8125 0.4375
vt 0.8125 0.25
vt 0.75 0.25
vt 0.75 0.4375
vt 0.6875 0.4375
vt 0.6875 0.5
vt 0.75 0.5
vt 0.8125 0.5
vt 0.75 0.5
vt 0.75 0.4375
vt 0.8125 0.4375
vn -0.7783081513311871 -0.5267648536232086 -0.3416946159346813
vn -0.5730305186777723 0.8183723930520604 0.043619387365335716
vn 0.7783081513311871 0.5267648536232086 0.3416946159346813
vn 0.5730305186777723 -0.8183723930520604 -0.043619387365335716
vn -0.2566562803348349 -0.22975076774096606 0.9387982416297569
vn 0.2566562803348349 0.22975076774096606 -0.9387982416297569
usemtl m_711baa8b-e285-70ee-fc17-d4397ecf5eae
f 36/100/25 39/99/25 37/98/25 34/97/25
f 35/104/26 36/103/26 34/102/26 33/101/26
f 40/108/27 35/107/27 33/106/27 38/105/27
f 39/112/28 40/111/28 38/110/28 37/109/28
f 38/116/29 33/115/29 34/114/29 37/113/29
f 39/120/30 36/119/30 35/118/30 40/117/30
o right_arm
v 0.16130427914338896 1.5174310074163522 0.047065352224695545
v -0.03327275868940771 1.38573979401055 -0.03835830175897481
v 0.3537964893945151 1.6897440832220767 -0.6570333289976222
v 0.15921945156171835 1.5580528698162746 -0.7424569829812926
v 0.10998487098003529 1.1811466957475347 -0.04926314860030878
v 0.304561908812832 1.312837909153337 0.036160505383361574
v 0.3024770812311613 1.3534597715532595 -0.7533618298226264
v 0.4970541190639581 1.4851509849590616 -0.6679381758389561
vt 0.6875 0.6875
vt 0.75 0.6875
vt 0.75 0.5
vt 0.6875 0.5
vt 0.625 0.6875
vt 0.6875 0.6875
vt 0.6875 0.5
vt 0.625 0.5
vt 0.8125 0.6875
vt 0.875 0.6875
vt 0.875 0.5
vt 0.8125 0.5
vt 0.75 0.6875
vt 0.8125 0.6875
vt 0.8125 0.5
vt 0.75 0.5
vt 0.75 0.6875
vt 0.6875 0.6875
vt 0.6875 0.75
vt 0.75 0.75
vt 0.8125 0.75
vt 0.75 0.75
vt 0.75 0.6875
vt 0.8125 0.6875
vn -0.7783081513311871 -0.5267648536232086 -0.3416946159346813
vn -0.5730305186777723 0.8183723930520604 0.043619387365335716
vn 0.7783081513311871 0.5267648536232086 0.3416946159346813
vn 0.5730305186777723 -0.8183723930520604 -0.043619387365335716
vn -0.2566562803348349 -0.22975076774096606 0.9387982416297569
vn 0.2566562803348349 0.22975076774096606 -0.9387982416297569
usemtl m_711baa8b-e285-70ee-fc17-d4397ecf5eae
f 44/124/31 47/123/31 45/122/31 42/121/31
f 43/128/32 44/127/32 42/126/32 41/125/32
f 48/132/33 43/131/33 41/130/33 46/129/33
f 47/136/34 48/135/34 46/134/34 45/133/34
f 46/140/35 41/139/35 42/138/35 45/137/35
f 47/144/36 44/143/36 43/142/36 48/141/36
o left_sleeve
v -0.03844493569488244 1.4502216217947066 0.19425081030542865
v -0.05380238021954803 1.426936855866922 -0.08561260472654747
v -0.3956988549109959 0.7597262082168701 0.2713045807044131
v -0.41105629943566147 0.7364414422890855 -0.008558834327562964
v -0.3034517671192647 1.5564288889801352 -0.08268694568932916
v -0.288094322594599 1.5797136549079198 0.19717646934264693
v -0.6607056863353781 0.8659334754022988 -0.005633175290344683
v -0.6453482418107125 0.8892182413300834 0.2742302397416314
vt 0.8125 0.1875
vt 0.875 0.1875
vt 0.875 0
vt 0.8125 0
vt 0.75 0.1875
vt 0.8125 0.1875
vt 0.8125 0
vt 0.75 0
vt 0.9375 0.1875
vt 1 0.1875
vt 1 0
vt 0.9375 0
vt 0.875 0.1875
vt 0.9375 0.1875
vt 0.9375 0
vt 0.875 0
vt 0.875 0.1875
vt 0.8125 0.1875
vt 0.8125 0.25
vt 0.875 0.25
vt 0.9375 0.25
vt 0.875 0.25
vt 0.875 0.1875
vt 0.9375 0.1875
vn -0.05460424719881112 -0.08279027885434533 -0.9950699201136929
vn 0.8876422645323259 -0.4604161177358697 -0.010402343243442823
vn 0.05460424719881112 0.08279027885434533 0.9950699201136929
vn -0.8876422645323259 0.4604161177358697 0.010402343243442823
vn 0.4572850165966252 0.8838341293796306 -0.09862882611070013
vn -0.4572850165966252 -0.8838341293796306 0.09862882611070013
usemtl m_711baa8b-e285-70ee-fc17-d4397ecf5eae
f 52/148/37 55/147/37 53/146/37 50/145/37
f 51/152/38 52/151/38 50/150/38 49/149/38
f 56/156/39 51/155/39 49/154/39 54/153/39
f 55/160/40 56/159/40 54/158/40 53/157/40
f 54/164/41 49/163/41 50/162/41 53/161/41
f 55/168/42 52/167/42 51/166/42 56/165/42
o left_arm
v -0.0603126158250038 1.4423121172556734 0.18040645482481066
v -0.07396367762470657 1.4216145475420872 -0.06836102520361254
v -0.40327637827247265 0.7794365202209506 0.2543780744078358
v -0.4169274400721754 0.7587389505073643 0.005610594379412581
v -0.295874243757788 1.5367185769760545 -0.06576043939275183
v -0.2822231819580852 1.5574161466896408 0.18300704063567136
v -0.6388380062052568 0.8738429799413318 0.008211180190273282
v -0.625186944405554 0.894540549654918 0.2569786602186965
vt 0.5625 0.1875
vt 0.625 0.1875
vt 0.625 0
vt 0.5625 0
vt 0.5 0.1875
vt 0.5625 0.1875
vt 0.5625 0
vt 0.5 0
vt 0.6875 0.1875
vt 0.75 0.1875
vt 0.75 0
vt 0.6875 0
vt 0.625 0.1875
vt 0.6875 0.1875
vt 0.6875 0
vt 0.625 0
vt 0.625 0.1875
vt 0.5625 0.1875
vt 0.5625 0.25
vt 0.625 0.25
vt 0.6875 0.25
vt 0.625 0.25
vt 0.625 0.1875
vt 0.6875 0.1875
vn -0.05460424719881112 -0.08279027885434533 -0.9950699201136929
vn 0.8876422645323259 -0.4604161177358697 -0.010402343243442823
vn 0.05460424719881112 0.08279027885434533 0.9950699201136929
vn -0.8876422645323259 0.4604161177358697 0.010402343243442823
vn 0.4572850165966252 0.8838341293796306 -0.09862882611070013
vn -0.4572850165966252 -0.8838341293796306 0.09862882611070013
usemtl m_711baa8b-e285-70ee-fc17-d4397ecf5eae
f 60/172/43 63/171/43 61/170/43 58/169/43
f 59/176/44 60/175/44 58/174/44 57/173/44
f 64/180/45 59/179/45 57/178/45 62/177/45
f 63/184/46 64/183/46 62/182/46 61/181/46
f 62/188/47 57/187/47 58/186/47 61/185/47
f 63/192/48 60/191/48 59/190/48 64/189/48
o right_pants
v 0.265625 0.7226150743001526 0.1388149743162237
v 0.265625 0.8071885804107294 -0.12941791808171518
v 0.265625 -0.022476293471899673 -0.09611143154648966
v 0.265625 0.06209721263867713 -0.3643443239444285
v -0.015625 0.8071885804107294 -0.12941791808171518
v -0.015625 0.7226150743001526 0.1388149743162237
v -0.015625 0.06209721263867713 -0.3643443239444285
v -0.015625 -0.022476293471899673 -0.09611143154648966
vt 0.0625 0.4375
vt 0.125 0.4375
vt 0.125 0.25
vt 0.0625 0.25
vt 0 0.4375
vt 0.0625 0.4375
vt 0.0625 0.25
vt 0 0.25
vt 0.1875 0.4375
vt 0.25 0.4375
vt 0.25 0.25
vt 0.1875 0.25
vt 0.125 0.4375
vt 0.1875 0.4375
vt 0.1875 0.25
vt 0.125 0.25
vt 0.125 0.4375
vt 0.0625 0.4375
vt 0.0625 0.5
vt 0.125 0.5
vt 0.1875 0.5
vt 0.125 0.5
vt 0.125 0.4375
vt 0.1875 0.4375
vn 0 0.30070579950427306 -0.9537169507482269
vn 1 0 0
vn 0 -0.30070579950427306 0.9537169507482269
vn -1 0 0
vn 0 0.9537169507482269 0.30070579950427306
vn 0 -0.9537169507482269 -0.30070579950427306
usemtl m_711baa8b-e285-70ee-fc17-d4397ecf5eae
f 68/196/49 71/195/49 69/194/49 66/193/49
f 67/200/50 68/199/50 66/198/50 65/197/50
f 72/204/51 67/203/51 65/202/51 70/201/51
f 71/208/52 72/207/52 70/206/52 69/205/52
f 70/212/53 65/211/53 66/210/53 69/209/53
f 71/216/54 68/215/54 67/214/54 72/213/54
o right_leg
v 0.25 0.7124117750619658 0.11921461884352835
v 0.25 0.7875882249380342 -0.11921461884352837
v 0.25 -0.00287593799920436 -0.10631473078467644
v 0.25 0.0723005118768639 -0.34474396847173316
v 0 0.7875882249380342 -0.11921461884352837
v 0 0.7124117750619658 0.11921461884352835
v 0 0.0723005118768639 -0.34474396847173316
v 0 -0.00287593799920436 -0.10631473078467644
vt 0.0625 0.6875
vt 0.125 0.6875
vt 0.125 0.5
vt 0.0625 0.5
vt 0 0.6875
vt 0.0625 0.6875
vt 0.0625 0.5
vt 0 0.5
vt 0.1875 0.6875
vt 0.25 0.6875
vt 0.25 0.5
vt 0.1875 0.5
vt 0.125 0.6875
vt 0.1875 0.6875
vt 0.1875 0.5
vt 0.125 0.5
vt 0.125 0.6875
vt 0.0625 0.6875
vt 0.0625 0.75
vt 0.125 0.75
vt 0.1875 0.75
vt 0.125 0.75
vt 0.125 0.6875
vt 0.1875 0.6875
vn 0 0.30070579950427306 -0.9537169507482269
vn 1 0 0
vn 0 -0.30070579950427306 0.9537169507482269
vn -1 0 0
vn 0 0.9537169507482269 0.30070579950427306
vn 0 -0.9537169507482269 -0.30070579950427306
usemtl m_711baa8b-e285-70ee-fc17-d4397ecf5eae
f 76/220/55 79/219/55 77/218/55 74/217/55
f 75/224/56 76/223/56 74/222/56 73/221/56
f 80/228/57 75/227/57 73/226/57 78/225/57
f 79/232/58 80/231/58 78/230/58 77/229/58
f 78/236/59 73/235/59 74/234/59 77/233/59
f 79/240/60 76/239/60 75/238/60 80/237/60
o left_leg
v 0 0.75 0.125
v 0 0.75 -0.125
v 0 0 0.125
v 0 0 -0.125
v -0.25 0.75 -0.125
v -0.25 0.75 0.125
v -0.25 0 -0.125
v -0.25 0 0.125
vt 0.3125 0.1875
vt 0.375 0.1875
vt 0.375 0
vt 0.3125 0
vt 0.25 0.1875
vt 0.3125 0.1875
vt 0.3125 0
vt 0.25 0
vt 0.4375 0.1875
vt 0.5 0.1875
vt 0.5 0
vt 0.4375 0
vt 0.375 0.1875
vt 0.4375 0.1875
vt 0.4375 0
vt 0.375 0
vt 0.375 0.1875
vt 0.3125 0.1875
vt 0.3125 0.25
vt 0.375 0.25
vt 0.4375 0.25
vt 0.375 0.25
vt 0.375 0.1875
vt 0.4375 0.1875
vn 0 0 -1
vn 1 0 0
vn 0 0 1
vn -1 0 0
vn 0 1 0
vn 0 -1 0
usemtl m_711baa8b-e285-70ee-fc17-d4397ecf5eae
f 84/244/61 87/243/61 85/242/61 82/241/61
f 83/248/62 84/247/62 82/246/62 81/245/62
f 88/252/63 83/251/63 81/250/63 86/249/63
f 87/256/64 88/255/64 86/254/64 85/253/64
f 86/260/65 81/259/65 82/258/65 85/257/65
f 87/264/66 84/263/66 83/262/66 88/261/66
o left_pants
v 0.015625 0.765625 0.140625
v 0.015625 0.765625 -0.140625
v 0.015625 -0.015625 0.140625
v 0.015625 -0.015625 -0.140625
v -0.265625 0.765625 -0.140625
v -0.265625 0.765625 0.140625
v -0.265625 -0.015625 -0.140625
v -0.265625 -0.015625 0.140625
vt 0.0625 0.1875
vt 0.125 0.1875
vt 0.125 0
vt 0.0625 0
vt 0 0.1875
vt 0.0625 0.1875
vt 0.0625 0
vt 0 0
vt 0.1875 0.1875
vt 0.25 0.1875
vt 0.25 0
vt 0.1875 0
vt 0.125 0.1875
vt 0.1875 0.1875
vt 0.1875 0
vt 0.125 0
vt 0.125 0.1875
vt 0.0625 0.1875
vt 0.0625 0.25
vt 0.125 0.25
vt 0.1875 0.25
vt 0.125 0.25
vt 0.125 0.1875
vt 0.1875 0.1875
vn 0 0 -1
vn 1 0 0
vn 0 0 1
vn -1 0 0
vn 0 1 0
vn 0 -1 0
usemtl m_711baa8b-e285-70ee-fc17-d4397ecf5eae
f 92/268/67 95/267/67 93/266/67 90/265/67
f 91/272/68 92/271/68 90/270/68 89/269/68
f 96/276/69 91/275/69 89/274/69 94/273/69
f 95/280/70 96/279/70 94/278/70 93/277/70
f 94/284/71 89/283/71 90/282/71 93/281/71
f 95/288/72 92/287/72 91/286/72 96/285/72
o cape
v -0.3125 1.4290044913069813 0.09736446227477175
v -0.3125 1.4503807502648356 0.15609525107389105
v -0.31249999999999994 0.48931187052107283 0.4393846056004404
v -0.31249999999999994 0.5106881294789272 0.49811539439955965
v 0.3125 1.4503807502648356 0.15609525107389094
v 0.3125 1.4290044913069813 0.09736446227477163
v 0.31250000000000006 0.5106881294789272 0.4981153943995596
v 0.31250000000000006 0.48931187052107283 0.43938460560044035
vt 0.015625 0.96875
vt 0.171875 0.96875
vt 0.171875 0.46875
vt 0.015625 0.46875
vt 0 0.96875
vt 0.015625 0.96875
vt 0.015625 0.46875
vt 0 0.46875
vt 0.1875 0.96875
vt 0.34375 0.96875
vt 0.34375 0.46875
vt 0.1875 0.46875
vt 0.171875 0.96875
vt 0.1875 0.96875
vt 0.1875 0.46875
vt 0.171875 0.46875
vt 0.171875 0.96875
vt 0.015625 0.96875
vt 0.015625 1
vt 0.171875 1
vt 0.328125 1
vt 0.171875 1
vt 0.171875 0.96875
vt 0.328125 0.96875
vn 1.1507915602278503e-16 0.34202014332566866 0.9396926207859084
vn -1 -6.162975822039155e-33 1.2246467991473532e-16
vn -1.1507915602278503e-16 -0.34202014332566866 -0.9396926207859084
vn 1 6.162975822039155e-33 -1.2246467991473532e-16
vn -4.188538737676991e-17 0.9396926207859084 -0.34202014332566866
vn 4.188538737676991e-17 -0.9396926207859084 0.34202014332566866
usemtl m_1c5dd7b9-aaec-32b8-0069-52df28f08762
f 100/292/73 103/291/73 101/290/73 98/289/73
f 99/296/74 100/295/74 98/294/74 97/293/74
f 104/300/75 99/299/75 97/298/75 102/297/75
f 103/304/76 104/303/76 102/302/76 101/301/76
f 102/308/77 97/307/77 98/306/77 101/305/77
f 103/312/78 100/311/78 99/310/78 104/309/78